ETA_Eta_R:0.06110764541521128
SP-2:0.06029117532386093
SP-0:0.05989314791667607
sumI:0.05953491735656605
Zagreb:0.059384573837419796
MW:0.05936143590824866
ETA_Beta_s:0.059137016596048336
nHeavyAtom:0.059128089381332016
WPOL:0.05862648026849393
Kier1:0.05862108573549805
WTPT-1:0.05858930358583702
nBonds:0.05852468655758963
SP-1:0.05829095772414621
ETA_Eta_R_L:0.058290929427355795
ETA_Alpha:0.05826088304858615
SP-3:0.058071744849305655
ATSm3:0.05790730883456324
MLFER_L:0.05788595075235597
ATSm2:0.05751410651401918
VP-0:0.05723292071327693
